video_id,country,fetched_at,published_at,title,localized_title,channel_title,channel_id,category_id,category_name,tags,tag_count,thumbnail,default_language,audio_language,is_live,duration,duration_raw,definition,caption_available,licensed_content,embeddable,made_for_kids,views,likes,comments
j5MzMcjGUaM,EE,2025-12-24 02:27:34.728255+00:00,2025-12-05 06:00:52+00:00,Clicherik & Mäx - Jolly Roger (Official Video),Clicherik & Mäx - Jolly Roger (Official Video),Clicherik & Mäx,UCvx9H_Y6uTTrp-LMJh2fcig,10,Music,"clicherik, mäx, kermo, murel, kermo murel, eesti laul 2025, jolly roger, estonia, eurovision 2026, clicherik & mäx, club schlager, rahvalaul, ebapopulaarne, eurovision song contest, new estonian music, estonian rap, estonian pop, pirate, yo ho, jou hou, xd, vienna",22,https://i.ytimg.com/vi/j5MzMcjGUaM/hqdefault.jpg,et,et,False,190,PT3M10S,hd,false,False,,,78829,1354,99
Mzw2ttJD2qQ,EE,2025-12-24 02:27:34.728302+00:00,2025-12-22 14:00:04+00:00,The Odyssey | Official Trailer,The Odyssey | Official Trailer,Universal Pictures,UCq0OueAsdxH6b8nyAspwViw,24,Entertainment,,0,https://i.ytimg.com/vi/Mzw2ttJD2qQ/hqdefault.jpg,en-US,en-US,False,114,PT1M54S,hd,true,True,,,16141946,398419,22690
3BLoozf3MlM,EE,2025-12-24 02:27:34.728312+00:00,2025-12-21 19:20:14+00:00,Minecraft Speedrunner VS 2 Hunters REVIVAL,Minecraft Speedrunner VS 2 Hunters REVIVAL,Dream,UCTkXRDQl0luXxVQrRQvWS6w,20,Gaming,"minecraft, dream, dream minecraft",3,https://i.ytimg.com/vi/3BLoozf3MlM/hqdefault.jpg,en,en,False,1939,PT32M19S,hd,true,True,,,4252254,204161,11050
zY_tFr-Ch4M,EE,2025-12-24 02:27:34.728321+00:00,2025-12-11 22:00:06+00:00,5MIINUST - tooge vana 5minni tagasi,5MIINUST - tooge vana 5minni tagasi,5 MIINUST,UCrkAQu1GI_Vhr5UtnFNqm-w,10,Music,,0,https://i.ytimg.com/vi/zY_tFr-Ch4M/hqdefault.jpg,et,et,False,148,PT2M28S,hd,false,False,,,43743,1147,60
e0Eo0D038rQ,EE,2025-12-24 02:27:34.728329+00:00,2025-12-15 13:40:00+00:00,Stranger Things 5 | Volume 2 Trailer | Netflix,Stranger Things 5 | Volume 2 Trailer | Netflix,Netflix,UCWOA1ZGywLbqmigxE4Qlvuw,24,Entertainment,"Caleb McLaughlin, Charlie Heaton, Chief Hopper, David Harbour, Dustin, Eleven, Finn Wolfhard, Gaten Matarazzo, Jamie Campbell Bower, Joe Keery, Jonathan Byers, Joyce Byers, Lucas, Max, Maya Hawke, Mike Wheeler, Millie Bobby Brown, Nancy Wheeler, Natalia Dyer, Netflix, Noah Schnapp, Robin Buckley, Sadie Sink, Steve Harrington, Stranger Things 5, Will Byers, Winona Ryder",27,https://i.ytimg.com/vi/e0Eo0D038rQ/hqdefault.jpg,en,en-US,False,134,PT2M14S,hd,true,True,,,15325398,585868,23918
vKPSoQs0qos,EE,2025-12-24 02:27:34.728336+00:00,2025-12-23 18:22:35+00:00,STEAL A BRAINROT GIVEAWAY LIVE | STEAL A BRAINROT FREE SECRETS + FREE BRAINROT GODS,STEAL A BRAINROT GIVEAWAY LIVE | STEAL A BRAINROT FREE SECRETS + FREE BRAINROT GODS,Joxy,UC3DlDcaefUYr-1skxaiLxVw,20,Gaming,"steal a brainrot giveaway, steal a brainrot giveaway live, steal a brainrot secret giveaway, steal a brainrot live giveaway, steal a brainrot brainrot god giveaway, steal a brainrot stream, steal a brainrot live, steal a brainrot 24/7 stream, steal a brainrot, steal a brainrot god, w steal a brainrot, steal a brainrot game, steal a brainrot gifting, steal a brainrot mod, steal a brainrot glitch, steal a brainrot 24/7, roblox steal a brainrot, steal a brainrot roblox",18,https://i.ytimg.com/vi/vKPSoQs0qos/hqdefault.jpg,en,en,False,9,PT9S,hd,false,True,,,1056747,15697,79
BSHiSOAUsJU,EE,2025-12-24 02:27:34.728344+00:00,2025-11-19 22:00:06+00:00,Liis Lemsalu x Lauri Saatpalu - Münt (Lyric video),Liis Lemsalu x Lauri Saatpalu - Münt (Lyric video),Liis Lemsalu,UCO5fi4pxuby7uvrCy8xLnxA,10,Music,"munt, mynt, liislemsalu, liis lemsalu, lauri saatpalu, münt",6,https://i.ytimg.com/vi/BSHiSOAUsJU/hqdefault.jpg,et,et,False,236,PT3M56S,hd,false,False,,,176930,1832,63
9VPSFxU-Jq8,EE,2025-12-24 02:27:34.728351+00:00,2025-12-21 14:53:33+00:00,Speed does Africa 🌍 (Official Trailer),Speed does Africa 🌍 (Official Trailer),IShowSpeed,UCWsDFcIhY2DBi3GB5uykGXA,20,Gaming,ishowspeed,1,https://i.ytimg.com/vi/9VPSFxU-Jq8/hqdefault.jpg,en,en,False,77,PT1M17S,hd,false,True,,,1466580,96484,15761
ErnWUbjOKoU,EE,2025-12-24 02:27:34.728358+00:00,2025-12-23 19:20:00+00:00,SIDEMEN AMONG US CHRISTMAS SPECIAL: SANTA ROLE,SIDEMEN AMONG US CHRISTMAS SPECIAL: SANTA ROLE,MoreSidemen,UCh5mLn90vUaB1PbRRx_AiaA,22,People & Blogs,"sidemen, moresidemen, miniminter, ksi, zerkaa, behzinga, tbjzl, vikkstar, wroetoshaw",9,https://i.ytimg.com/vi/ErnWUbjOKoU/hqdefault.jpg,en,en-GB,False,3193,PT53M13S,hd,false,True,,,831898,50450,3276
O5heWte55FQ,EE,2025-12-24 02:27:34.728367+00:00,2025-12-16 10:03:41+00:00,Saanisõit,Saanisõit,krispoiss - Topic,UCY2k28vz_IrJuF_LJXZlccw,10,Music,"krispoiss, Gepu, Jake Angel Beats, Saanisõit",4,https://i.ytimg.com/vi/O5heWte55FQ/hqdefault.jpg,en,et,False,178,PT2M58S,hd,false,True,,,12065,510,0
YqdAEdkHrwo,EE,2025-12-24 02:27:34.728374+00:00,2025-12-11 16:59:07+00:00,Supergirl | Official Teaser Trailer,Supergirl | Official Teaser Trailer,DC,UCiifkYAs_bq1pt_zbNAzYGg,24,Entertainment,"DC, DC Comics, DC Universe, DCU, Superman, James Gunn, super heroes, movie, Supergirl, superman 2025, dcu timeline, superman scene, superman krypto, krypto the superdog, lex luthor, krypto, superman 2025 scene, supergirl woman of tomorrow, supergirl scene superman 2025, supergirl cameo superman, supergirl in superman 2025, milly alcock, supergirl, supergirl movie, supergirl 2026, supergirl trailer, supergirl trailer reaction, supergirl trailer breakdown, supergirl milly alcock",29,https://i.ytimg.com/vi/YqdAEdkHrwo/hqdefault.jpg,en,en,False,123,PT2M3S,hd,false,True,,,16152734,379066,21226
GiHBCh3Jpvo,EE,2025-12-24 02:27:34.728382+00:00,2025-12-18 13:00:00+00:00,ОТВЕТЫ НА ВОПРОСЫ! ВОЗВРАЩАЮСЬ НА А4? СКОЛЬКО ЗАРАБАТЫВАЮ? БЛОКИРОВКА РОБЛОКС!,ОТВЕТЫ НА ВОПРОСЫ! ВОЗВРАЩАЮСЬ НА А4? СКОЛЬКО ЗАРАБАТЫВАЮ? БЛОКИРОВКА РОБЛОКС!,ГЛЕНТ,UCBYvr4SqfGQd5fTmOXVQ4Zw,24,Entertainment,"глент, ОТВЕТЫ НА ВОПРОСЫ, ВОЗВРАЩАЮСЬ НА А4, А4, СКОЛЬКО ЗАРАБАТЫВАЮ, БЛОКИРОВКА РОБЛОКС, глент из a4, глент а4, roblox, новый ролик а4, роблокс глент, глент игры, глент играет в, глент вернулся на канал а4, глент вернулся, глент roblox, глент брейнрот, блокировка роблокс, сколько зарабатывает глент, а4, a4, глент а4 кобяков, roblox глент, глент кобяков бумага, влад бумага, влад а4, кобяков, глент и кобяков, а4 глент бумага",29,https://i.ytimg.com/vi/GiHBCh3Jpvo/hqdefault.jpg,ru,ru,False,1541,PT25M41S,hd,false,True,,,1561643,89318,14210
tnCo5C0eZdQ,EE,2025-12-24 02:27:34.728390+00:00,2025-12-18 22:01:06+00:00,Lil Till - Zaza (Official Video),Lil Till - Zaza (Official Video),LIL TILL,UCdSlacTdU0k9a704mlHYSKQ,10,Music,,0,https://i.ytimg.com/vi/tnCo5C0eZdQ/hqdefault.jpg,en,et,False,147,PT2M27S,hd,true,False,,,5282,202,31
Fv0leN8TmR8,EE,2025-12-24 02:27:34.728398+00:00,2025-12-07 00:00:04+00:00,The Boys - Final Season Teaser Trailer | Prime Video,The Boys - Final Season Teaser Trailer | Prime Video,Prime Video,UCQJWtTnAHhEG5w4uN0udnUQ,24,Entertainment,"the boys, the boys season 5, the boys s5, the boys season 5 trailer, the boys season 5 teaser, the boys s5 trailer, the boys s5 teaser, the boys soldier boy, the boys homelander, the boys butcher, homelander, butcher, soldier boy, starlight, hughie, homelander vs butcher, butcher vs homelander, homelander vs soldier boy, the boys final season, the boys final season trailer, antony starr, karl urban, jensen ackles, erin moriarty, jack quaid, chace crawford, jared padalecki",27,https://i.ytimg.com/vi/Fv0leN8TmR8/hqdefault.jpg,en,en,False,121,PT2M1S,hd,true,True,,,8906883,340901,17874
HNnqJmlLR_w,EE,2025-12-24 02:27:34.728405+00:00,2025-12-15 01:08:17+00:00,I Explored the Minecraft Great Sea,I Explored the Minecraft Great Sea,Wemmbu,UCkzzNLnuM-VsATWC53ehwOQ,20,Gaming,"wemmbu, unstable smp, flamefrags, wemmbu vs flamefrags, wemmbu unstable smp, wemmbu farlands, minecraft farlands, wemmbu minecraft, wemmbu orbital cannon, orbital strike cannon, unstable universe, wemmbu unstable universe, weembu, wembu, wemmbu dead, How I DIED on a Hardcore Minecraft SMP, wemmbu flamefrags, 2 Minecraft Pros VS 1000 Players, parrotx2, spokeishere, wemmbu prisoner, wemmbu prison, lettucek, wemmbu lettucek, wemmbu law, wemmbu escape",26,https://i.ytimg.com/vi/HNnqJmlLR_w/hqdefault.jpg,en-US,en-US,False,4396,PT1H13M16S,hd,false,True,,,4885769,189514,20174
NED7nev2ywQ,EE,2025-12-24 02:27:34.728414+00:00,2025-11-21 04:59:56+00:00,"Stray Kids ""Do It"" M/V","Stray Kids ""Do It"" M/V",JYP Entertainment,UCaO6TYtlC8U5ttz62hTrZgg,10,Music,"JYP Entertainment, JYP, Stray Kids, 스트레이 키즈, SKZ, 스키즈, 방찬, BANG CHAN, 리노, LEE KNOW, 창빈, CHANGBIN, 현진, 황현진, HYUNJIN, 한, 한지성, HAN, 필릭스, FELIX, 용복, 승민, 김승민, SEUNGMIN, 아이엔, I.N, stray kids comeback, 스트레이 키즈 컴백, 스키즈 컴백, skz comeback, skz, 스키즈 티저, SKZ DO IT, stray kids do it, skz it tape, skz mv, skz music video, 스키즈 뮤비, 스키즈 두잇 뮤비, 두잇 뮤비, do it mv, 스키즈 두잇, 두잇 뮤직비디오, 스트레이 키즈 뮤비, stray kids music video, skz do it, 스트레이 키즈 뮤직비디오, 두잇 티저, 스키즈 두잇 티저, do it teaser, skz do it teaser, do it mv teaser",52,https://i.ytimg.com/vi/NED7nev2ywQ/hqdefault.jpg,en,ko,False,181,PT3M1S,hd,true,True,,,50238448,1585204,147897
IaEtA56pd_w,EE,2025-12-24 02:27:34.728424+00:00,2025-12-05 20:48:18+00:00,Iron Lung: Final Trailer,Iron Lung: Final Trailer,Markiplier,UC7_YxT-KID8kRbqZo7MyscQ,20,Gaming,"markiplier, iron lung, iron lung movie, official trailer, movie trailer, iron lung trailer 3, final trailer, iron lung release date, iron lung markiplier, Caroline Kaplan, troy baker",11,https://i.ytimg.com/vi/IaEtA56pd_w/hqdefault.jpg,en,en,False,105,PT1M45S,hd,false,False,,,4932386,537708,22353
T7aYaFIpDmE,EE,2025-12-24 02:27:34.728431+00:00,2025-12-16 17:13:28+00:00,"Kiosk, Kuhu Tulevad Ainult VEIDRAD KLIENDID! (Shawarma Kiosk)","Kiosk, Kuhu Tulevad Ainult VEIDRAD KLIENDID! (Shawarma Kiosk)",EstMagicz,UC65Eq6kioOHsxDKah7disfQ,20,Gaming,,0,https://i.ytimg.com/vi/T7aYaFIpDmE/hqdefault.jpg,et,et,False,1344,PT22M24S,hd,false,True,,,14322,440,52
SF09nscZSbI,EE,2025-12-24 02:27:34.728439+00:00,2025-12-23 12:00:57+00:00,Lp. Мастерская [47] • #24 ИЛЛЮЗИЯ ОБМАНА [Мы это уже видели...] • Майнкрафт,Lp. Мастерская [47] • #24 ИЛЛЮЗИЯ ОБМАНА [Мы это уже видели...] • Майнкрафт,MrLololoshka (Роман Фильченков),UCAvrIl6ltV8MdJo3mV4Nl4Q,20,Gaming,"Лололошка, Lololoshka, MrLololoshka, Летсплей, Сборка, Скачать, Магия, Моды, Майнкрафт, Minecraft",10,https://i.ytimg.com/vi/SF09nscZSbI/hqdefault.jpg,ru,ru,False,2493,PT41M33S,hd,false,True,,,545578,57890,3166
3WzeGqQIqWA,EE,2025-12-24 02:27:34.728447+00:00,2025-12-19 14:00:08+00:00,My Best Friend Died on the Unstable SMP,My Best Friend Died on the Unstable SMP,Spoke,UCk2uxbWi5py_iJXaEsh2YRA,20,Gaming,"spoke, spokeishere, lifesteal, minecraft, survival, unstable, unstable universe, wemmbu, parrotx2, flamefrags, unstable smp",11,https://i.ytimg.com/vi/3WzeGqQIqWA/hqdefault.jpg,en,en-US,False,3784,PT1H3M4S,hd,false,True,,,2390012,91047,12472
Gp7uX2IGjK8,EE,2025-12-24 02:27:34.728455+00:00,2025-12-22 20:11:45+00:00,HÄID JÕULE! 🟠 TEAMISTO.EE 🟠 MULTISTREAM 🟠 E-R 19.00,HÄID JÕULE! 🟠 TEAMISTO.EE 🟠 MULTISTREAM 🟠 E-R 19.00,Istoprocent,UCuGGjmkVe_MCzmlfuoT8Pqg,20,Gaming,,0,https://i.ytimg.com/vi/Gp7uX2IGjK8/hqdefault.jpg,et,et,False,10555,PT2H55M55S,hd,false,False,,,4075,74,1
DWCl2dN6hpg,EE,2025-12-24 02:27:34.728463+00:00,2025-12-13 17:00:00+00:00,1 Pro vs 500 Hunters,1 Pro vs 500 Hunters,MrBeast Gaming,UCIPPMRA040LQr5QPyJEbmXA,20,Gaming,,0,https://i.ytimg.com/vi/DWCl2dN6hpg/hqdefault.jpg,en,en,False,1069,PT17M49S,hd,true,True,,,15413465,356098,10254
FfSL7S3G6kQ,EE,2025-12-24 02:27:34.728471+00:00,2025-12-21 14:30:24+00:00,The Hunt for Lifesteal's Elytra,The Hunt for Lifesteal's Elytra,rekrap2,UCvt0HYxX34vUvqu66HLXeUw,20,Gaming,Minecraft,1,https://i.ytimg.com/vi/FfSL7S3G6kQ/hqdefault.jpg,en,en,False,929,PT15M29S,hd,false,True,,,1022691,46635,1911
YCgSikS3qoo,EE,2025-12-24 02:27:34.728478+00:00,2025-12-20 21:02:04+00:00,Steal a Brainrot UPDATE + New BRAINROTS!,Steal a Brainrot UPDATE + New BRAINROTS!,CaylusBlox,UCsPMNatXCwqyUuJilBT73jg,20,Gaming,"caylusblox, caylus roblox, caylus, roblox, Steal a brainrot update, ADMIN ABUSE In Steal a Brainrot!, Steal a Brainrot UPDATE + Admin Abuse, admin abuse, steal a brainrot, caylus admin abuse, steal a brainrot update, tung tung tung sahur, tung tung sahur steal a brainrot, santa fuse machine, caylus fuse machine, caylus steak, caylus steal a brainrot christmas, taco tuesday, caylus stream, radioactive base, north pole, steal a brainrot north pole, caylus steal a brainrot",23,https://i.ytimg.com/vi/YCgSikS3qoo/hqdefault.jpg,en-US,en-US,False,4679,PT1H17M59S,hd,false,True,,,3219925,40575,1674
dxwGLa9J12M,EE,2025-12-24 02:27:34.728486+00:00,2025-12-22 00:15:32+00:00,🔴LIVE - LUIK -  8 AASTAT STRIIME! + UUDISED NSHT,🔴LIVE - LUIK -  8 AASTAT STRIIME! + UUDISED NSHT,Luik,UCJk6ufcVm0dlVr8T9VXkNpg,24,Entertainment,,0,https://i.ytimg.com/vi/dxwGLa9J12M/hqdefault.jpg,et,en-US,False,15197,PT4H13M17S,hd,false,False,,,2233,44,0
WcRr7uThGlM,EE,2025-12-24 02:27:34.728493+00:00,2025-12-23 08:00:43+00:00,😱Я ПРОБРАЛСЯ НА ЗАКРЫТЫЙ СЕРВЕР SAMMY и Украл у него DRAGON GINGERINI в Steal a Brainrot!,😱Я ПРОБРАЛСЯ НА ЗАКРЫТЫЙ СЕРВЕР SAMMY и Украл у него DRAGON GINGERINI в Steal a Brainrot!,FixEye - Роблокс,UCwkDYwR6NT9KhQJA0ZQ9jBw,20,Gaming,"фиксай, fixeye, roblox, роблокс, прокачали мемы, steal a brainrot, steal a brainrot прохождение, секреты steal a brainrot, пробрался на сервер sammy, sammy, sammy steal a brainrot, сэмми, сэмми укради брейнрот, проник на сервер sammy, секретный сервер sammy, я проник на сервер сэмми, dragon gingerini, украл дракон джиндежирини, украл dragon gingerini",19,https://i.ytimg.com/vi/WcRr7uThGlM/hqdefault.jpg,ru,ru,False,698,PT11M38S,hd,false,True,,,456968,10677,1102
uXy-nmzN0AE,EE,2025-12-24 02:27:34.728501+00:00,2025-12-23 20:59:47+00:00,I almost Died in the End on the Lifesteal SMP...,I almost Died in the End on the Lifesteal SMP...,SB737+,UCeOBfeqct7LUHhdHb5bzfzA,20,Gaming,,0,https://i.ytimg.com/vi/uXy-nmzN0AE/hqdefault.jpg,en,en,False,1382,PT23M2S,hd,false,True,,,160767,8577,785
UtTZlSZdI-4,EE,2025-12-24 02:27:34.728508+00:00,2025-12-17 13:01:03+00:00,Великие ЗАТУПЫ в истории игр,Великие ЗАТУПЫ в истории игр,БУЛДЖАТь,UCOxQWb-OuyCSZadzWqrKTCQ,24,Entertainment,,0,https://i.ytimg.com/vi/UtTZlSZdI-4/hqdefault.jpg,ru,ru,False,1338,PT22M18S,hd,false,True,,,691468,54286,4890
VB9xp7Zl9W8,EE,2025-12-24 02:27:34.728516+00:00,2025-12-22 15:52:50+00:00,СБЕГАЮ ОТ ЗЛЫХ РОДИТЕЛЕЙ СПУСТЯ ПОЛ ГОДА В SCHOOLBOY RUNAWAY В МАЙНКРАФТ!,СБЕГАЮ ОТ ЗЛЫХ РОДИТЕЛЕЙ СПУСТЯ ПОЛ ГОДА В SCHOOLBOY RUNAWAY В МАЙНКРАФТ!,EdisonPts,UCrpt82vHWIWZSHtNQxncPrg,20,Gaming,"эдисон, едісон, edisonpts, эдисон перец, едисон, эд, майнкрафт, minecraft, эдисон новая рубрика, schoolboy runaway, побег от злых родителей, сбегаю от злых родителей, клайп и натаха",13,https://i.ytimg.com/vi/VB9xp7Zl9W8/hqdefault.jpg,ru,ru,False,1501,PT25M1S,hd,false,True,,,606032,43601,6768
WnZl2LjFaQ8,EE,2025-12-24 02:27:34.728523+00:00,2025-12-22 08:01:15+00:00,Ep 2: The Pool Pee’er Strikes - Pierce is on the Case!,Ep 2: The Pool Pee’er Strikes - Pierce is on the Case!,Brawl Stars,UCooVYzDxdwTtGYAkcPmOgOw,20,Gaming,"brawl stars, mobile game, mobile strategy game, mobile rpg, mobile battle royale, battle royale, supercell game, pierce, brawl animation, new brawler, new trio, velociraptors, brawl trio",13,https://i.ytimg.com/vi/WnZl2LjFaQ8/hqdefault.jpg,en,en,False,93,PT1M33S,hd,true,True,,,4541143,98697,3261
_486dPklBLU,EE,2025-12-24 02:27:34.728531+00:00,2025-12-12 03:31:47+00:00,I Secretly Got Trained By My Minecraft Killer,I Secretly Got Trained By My Minecraft Killer,FlameFrags,UCvYPobTo42NM36X7VC4dLhA,20,Gaming,"minecraft, flamefrags, flame frags, flamefrags minecraft, flame minecraft",5,https://i.ytimg.com/vi/_486dPklBLU/hqdefault.jpg,en-US,en-US,False,3731,PT1H2M11S,hd,false,True,,,3832535,134052,13446
qAGguG9-JeE,EE,2025-12-24 02:27:34.728538+00:00,2025-12-22 14:02:06+00:00,He is finished...,He is finished...,Asmongold Clips,UCMwJJL5FJFuTRT55ksbQ4GQ,24,Entertainment,"asmongold, asmongold clips",2,https://i.ytimg.com/vi/qAGguG9-JeE/hqdefault.jpg,en,en,False,197,PT3M17S,hd,false,True,,,824517,117309,6605
7T503ZyUqTM,EE,2025-12-24 02:27:34.728545+00:00,2025-12-20 19:00:50+00:00,DAY OF REGRET - Gielinor Games 5 (#5),DAY OF REGRET - Gielinor Games 5 (#5),SoupRS,UCnJutVTtn3ZXyapoGUmuRTA,20,Gaming,"Oldschool Runescape, old school runescape, OSRS, runescape, gielinor games, gielinor games season 2, b0aty, settled, framed, torvesta, c engineer, kempq, skill specs, solomission, 9rain, gunschilli, j1mmy, poisonedpotion, ditterbitter, verf, evscape, flutten, tanzoo, virtoso, zulu, skiddler, survivor, osrs survivor, osrs game show, osrs challenges, osrs money making, gold rush, osrs MILLIOns, osrs billions, osrs gp, westham, dino, faux, mr mammal, mmorpgrs, roidie, zoepancakes, zecookies",43,https://i.ytimg.com/vi/7T503ZyUqTM/hqdefault.jpg,en,en,False,4590,PT1H16M30S,hd,false,True,,,317893,17988,2488
4xXJTqFVHY8,EE,2025-12-24 02:27:34.728553+00:00,2025-12-19 13:44:48+00:00,ЗОНТИКС И МАЖИСК ВЕРНУЛИСЬ В СПИРИТ!,ЗОНТИКС И МАЖИСК ВЕРНУЛИСЬ В СПИРИТ!,РАЙЗ,UCLKB9g1374gcxezJINOLtag,20,Gaming,,0,https://i.ytimg.com/vi/4xXJTqFVHY8/hqdefault.jpg,ru,ru,False,900,PT15M,hd,false,True,,,487231,29268,832
uEjeO0a7rEk,EE,2025-12-24 02:27:34.728560+00:00,2025-12-13 17:01:26+00:00,MrBeast sent 1000 players after me,MrBeast sent 1000 players after me,JudeLow,UC2gufCjSyNihNbOEZE50bwQ,20,Gaming,,0,https://i.ytimg.com/vi/uEjeO0a7rEk/hqdefault.jpg,en,en,False,1383,PT23M3S,hd,false,True,,,3808465,178465,82715
q_zX1UdJVcM,EE,2025-12-24 02:27:34.728567+00:00,2025-12-20 13:00:06+00:00,The Far Lands - Animation vs. Minecraft Shorts Ep 38,The Far Lands - Animation vs. Minecraft Shorts Ep 38,Alan Becker,UCbKWv2x9t6u8yZoB3KcPtnw,1,Film & Animation,,0,https://i.ytimg.com/vi/q_zX1UdJVcM/hqdefault.jpg,en,en,False,550,PT9M10S,hd,false,True,,,4671118,203437,14480
dlmfI9ovtD8,EE,2025-12-24 02:27:34.728574+00:00,2025-12-19 20:00:40+00:00,Nice Life: Episode 3 - RED WINTER FINALE!,Nice Life: Episode 3 - RED WINTER FINALE!,Grian,UCR9Gcq0CMm6YgTzsDxAxjOQ,20,Gaming,"Minecraft, Grian, building, grian, mincraft, tutorial, yt:quality=high, minecraft, ideas, creative, build",11,https://i.ytimg.com/vi/dlmfI9ovtD8/hqdefault.jpg,en,en-GB,False,2005,PT33M25S,hd,true,True,,,958740,68751,2372
CY8sG1iwSPY,EE,2025-12-24 02:27:34.728582+00:00,2025-12-21 00:26:15+00:00,"No Key - The FORGE SCRIPT *GUI* - [ INSTANT FORGE, AUTO ORE, AUTO MINE, AUTO FORGE, KILL AURA ]","No Key - The FORGE SCRIPT *GUI* - [ INSTANT FORGE, AUTO ORE, AUTO MINE, AUTO FORGE, KILL AURA ]",Jung,UCA_UNbuxspbEOPJtwR6TjRg,20,Gaming,"the forge script, op the forge script, script the forge, the forge script new, free the forge script, the forge script 2025, the forge script free, the forge best script, the forge script hack, the forge op script, the forge pc script, the forge script no key, the forge hack, the forge gui script, the forge new script, script for the forge, roblox the forge script, the forge script update, the forge script roblox, the forge hack script, the forge keyless script",21,https://i.ytimg.com/vi/CY8sG1iwSPY/hqdefault.jpg,en,en,False,68,PT1M8S,hd,false,False,,,8104,15,173
W9xtYf-NFkU,EE,2025-12-24 02:27:34.728590+00:00,2025-12-20 20:11:38+00:00,I Entered the END on the Lifesteal SMP...,I Entered the END on the Lifesteal SMP...,SB737,UCFrVj6wBM42y3XuKCAj8n5A,20,Gaming,"minecraft, gaming, sb737, sb minecraft, sb, let's play, Lifesteal, smp, minecraft smp, lifesteal smp, rekrap, clownpierce, minutetech, end, lifesteal end, chunk regen",16,https://i.ytimg.com/vi/W9xtYf-NFkU/hqdefault.jpg,en-GB,en,False,3248,PT54M8S,hd,false,True,,,1010790,41926,2674
MgppbuHIpRY,EE,2025-12-24 02:27:34.728598+00:00,2025-12-18 18:20:18+00:00,ОФИЦИАЛЬНО! НОВЫЙ СОСТАВ SPIRIT 2026. Решафлы,ОФИЦИАЛЬНО! НОВЫЙ СОСТАВ SPIRIT 2026. Решафлы,CS GO NEWS,UCIRUwCVq0JcjCkWcayrzLtw,20,Gaming,"кс го, zeus, сеня, ceh9, s1mple, симпл, нави, navi, natus vincere, райз, новости кс го, новости cs go, electronic, решафлы кс го, интервью симпла, решафлы, counter strike 2, новости кс2, g2, обновление кс2, симпл про нави, sh1ro, донк, donk, мажор 2024, электроник, electronic vp, монеси зайву, donk zywoo, spirit navi, нави спирит, симпл фейз, m0nesy falcons, navi spirit, новая команда симпла, s1mple bc game, симпл бс гейм",37,https://i.ytimg.com/vi/MgppbuHIpRY/hqdefault.jpg,ru,zxx,False,679,PT11M19S,hd,false,True,,,305385,11178,699
NVVvAH6cd6k,EE,2025-12-24 02:27:34.728607+00:00,2025-12-17 17:59:36+00:00,Steam Frame vs. Every Other VR Headset!,Steam Frame vs. Every Other VR Headset!,Linus Tech Tips,UCXuqSBlHAE6Xw-yeJA0Tunw,28,Science & Technology,,0,https://i.ytimg.com/vi/NVVvAH6cd6k/hqdefault.jpg,en,en,False,1244,PT20M44S,hd,false,True,,,1313229,45876,3810
8LgRT0VLk9A,EE,2025-12-24 02:27:34.728614+00:00,2025-12-14 10:06:03+00:00,ГЛЕНТ Затроллил меня USB Флешкой в Реальной Жизни?,ГЛЕНТ Затроллил меня USB Флешкой в Реальной Жизни?,Domer Grief,UCb5oqCZ4AfmfXbgHsfei0tQ,20,Gaming,"майнкрафт, глент, domer, roblox, троллинг, ГЛЕНТ Прислал МНЕ USB Флешку в Реальной Жизни? (Затроллен), тролинг домера, троллинг стримера в роблоксе, затролил стримера, троллинг донатами, ГЛЕНТ, glent, домер, домер гриф, domer grief, домер троллинг глента, домер затроллил глента, рилик, рили ворлд, а4, глент роблокс, домер роблокс, укради брейнрота, роблокс укради брейнрот, домер глент, домер флешка, флешка, usb флешка, флешка троллинг, глент usb флешка, глент домер, домер глент флешка",32,https://i.ytimg.com/vi/8LgRT0VLk9A/hqdefault.jpg,ru,ru,False,1471,PT24M31S,hd,false,True,,,1304721,77355,5964
ml40OQZEo4c,EE,2025-12-24 02:27:34.728622+00:00,2025-12-17 20:00:43+00:00,Hermitcraft 11: Episode 6 - Smartest Farms,Hermitcraft 11: Episode 6 - Smartest Farms,Mumbo Jumbo,UChFur_NwVSbUozOcF_F2kMg,20,Gaming,"ideas, creative, build, survival, tutorial, How to, MumboJumbo, ThatMumboJumbo, Minecraft, Building, Mumbo, Redstone, Technical, Piston, 1.9, 1.8, 1.10, 1.11, Gaming, Game, spotlight, showcase, challenge, command, mini-game, gameplay, playthrough, Let's Play, No Swearing, Family Friendly, mc, mcpe, vanilla, Xbox, 360, PS4, PE, pocket edition, mobile",39,https://i.ytimg.com/vi/ml40OQZEo4c/hqdefault.jpg,en,en,False,1871,PT31M11S,hd,false,True,,,1507039,79295,4777
R7h5VOKwjd4,EE,2025-12-24 02:27:34.728630+00:00,2025-12-14 12:38:33+00:00,я вернулся в майнкрафт,я вернулся в майнкрафт,Данкар,UCcvSMLuj0OcAASPsTyVlzBA,24,Entertainment,ДАНКАР,1,https://i.ytimg.com/vi/R7h5VOKwjd4/hqdefault.jpg,uk,ru,False,2914,PT48M34S,hd,false,True,,,1393485,135887,18726
Oa0tqKHb4VA,EE,2025-12-24 02:27:34.728637+00:00,2025-12-07 14:00:51+00:00,Unstable SMP: The First King,Unstable SMP: The First King,Parrot,UCPLMPHT-d8GZOqL_AHJFdQQ,20,Gaming,"Minecraft, Minecraft SMP, SMP, Minecraft Server, LifeSteal SMP, School Minecraft Server, School SMP, School Parrot, Parrot, ParrotX2, Dream SMP, TommyInnit, LifeSteal, parrot lifesteal smp, Spoke, minecraft survival, minecraft hardcore, minecraft challenge, minecraft server, HermitCraft, MumboJumbo, Grian, why i broke 100+ bedrock, Here's Why I Made 12240 Minecraft Cakes, Minecraft Hunt, LifeSteal Season 3, 1 Heart Minecraft, LifeSteal Season 4, Why I Removed the World",29,https://i.ytimg.com/vi/Oa0tqKHb4VA/hqdefault.jpg,en,en,False,3568,PT59M28S,hd,false,True,,,3990658,141592,14283
HRnC28praT4,EE,2025-12-24 02:27:34.728645+00:00,2025-12-23 22:46:43+00:00,This skill is a huge problem | Sailing Locked (#3),This skill is a huge problem | Sailing Locked (#3),Settled,UCs-w7E2HZWwXmjt9RTvBB_A,20,Gaming,"Mory, Morytania, Area, Maxing, Max, OSRS, UIM, End, Game, Ultimate, Ironman, Old, School, Runescape, RS3, Settled, Settledrs, Progress, Video, Tricks, Tips, Bossing, Skilling, 2007, 2007Scape, Dream, Gear, Items, Boss, Episode, Settled UIM, UIM Settled, OSRS Settled, Morytania UIM, Morytania Ironman, Mory Ironman, Maxed UIM, UIM Maxing",38,https://i.ytimg.com/vi/HRnC28praT4/hqdefault.jpg,en,en,False,1952,PT32M32S,hd,false,True,,,92659,9631,697
ogB1lwKUqoI,EE,2025-12-24 02:27:34.728654+00:00,2025-12-12 17:45:06+00:00,The Game Awards Situation,The Game Awards Situation,penguinz0,UCq6VFHwMzcMXbuKyG7SQYIg,24,Entertainment,,0,https://i.ytimg.com/vi/ogB1lwKUqoI/hqdefault.jpg,en,en,False,635,PT10M35S,hd,false,True,,,2874928,126533,14150
az1ZiRO0ixk,EE,2025-12-24 02:27:34.728662+00:00,2025-12-07 10:05:32+00:00,"ОЛЕНЬКА ВЫРОСЛА, но САМАЯ ЖЕСТОКАЯ КОНЦОВКА ➲ Зайчик 5 эпизод ➲ Tiny Bunny 5 Эпизод!","ОЛЕНЬКА ВЫРОСЛА, но САМАЯ ЖЕСТОКАЯ КОНЦОВКА ➲ Зайчик 5 эпизод ➲ Tiny Bunny 5 Эпизод!",windy31,UCZUrS0zDszsXI_5ir_tI3cg,24,Entertainment,"Зайчик, зайчик 5 эпизод, 5 эпизод, Tiny bunny, все концовки зайчик, зайчик пятый эпизод, новелла зайчик, концовки зайчик, все концовки tiny bunny, всё о зайчике, о чём был зайчик, чем закончился зайчик, 5 глава зайчик, 5 эпизод зайчик, тайни банни, зайчик все выборы, tiny bunny теории, прохождение зайчик, прохождение пятого эпизода зайчик, tiny bunny концовка, игра зайчик, прохождение зайчика, коротко о зайчике",23,https://i.ytimg.com/vi/az1ZiRO0ixk/hqdefault.jpg,ru,en-GB,False,3038,PT50M38S,hd,false,True,,,1400541,65050,5665
UewV7kkUNhs,EE,2025-12-24 02:27:34.728669+00:00,2025-12-07 15:53:14+00:00,Лысна́я Братва 🧑‍🦲🧑‍🦲,Лысна́я Братва 🧑‍🦲🧑‍🦲,Valera Ghosther,UCRRXjDR3Fl_mQGuNw86w98A,20,Gaming,"game, игры, летс, плеи, монтаж, let's, play, приколы, прохождение, Ghosther, Valera",11,https://i.ytimg.com/vi/UewV7kkUNhs/hqdefault.jpg,ru,ru,False,581,PT9M41S,hd,false,True,,,1151910,81294,3720
67nU1xsgciY,EE,2025-12-24 02:27:34.728677+00:00,2025-12-04 16:42:47+00:00,РУССКИЙ TWITCH ОПОЗОРЕН НАВСЕГДА,РУССКИЙ TWITCH ОПОЗОРЕН НАВСЕГДА,DeadP47,UCUzkWdUCkVrkKCcmut9epTQ,20,Gaming,"премия слей, слей премия, слей 2025, slay 2025, премия стримеров, стримерская премия, слей, slay, премия бустера, бустер премия, бустер слей, слей бустер, buster slay, slay buster, бустер мэддисон, бустер мэдисон, мэдисон слей, слей мэдисон, maddyson, madyson, buster, дедп47, деадп47, deadp47",24,https://i.ytimg.com/vi/67nU1xsgciY/hqdefault.jpg,ru,ru,False,1040,PT17M20S,hd,false,True,,,718246,55572,11166
